Zhang (opencv)



[640x320]
rms = 0.575244
fx = 528.471687
fy = 528.471687
cx = 320.000000
cy = 240.000000
k1 = -0.352193
k2 = 0.078302
k3 = 0
p1 = -0.002398
p2 = -0.000378


[1280x720, 720p]
rms = 1.211372
fx: 790.40908924,
fy: 793.54098454,
cx: 640.000000,
cy: 360.000000,
k1: -0.35513963,
k2: 0.09214795,
k3: -0.00436943,
p1: -0.00315365,
p2: -0.00139974
