fx = 429.785251
fy = 429.785251
cx = 640.000000
cy = 360.000000
k1 = -0.236116
k2 =  0.001022
k3 = 0
p1 = 0.007059
p2 = 0.016742
skew_c = 0